-1.43129992 -0.43553209 0.96926594
-1.40350771 -0.43555951 0.97746247
-1.34727490 -0.43449089 0.99210399
-1.29119992 -0.43429688 1.00415242
-1.26350164 -0.43418759 1.00909376
-1.23568058 -0.43382770 1.01347482
-1.20769620 -0.43329278 1.01667488
-1.15185940 -0.43298173 1.02184820
-1.12431967 -0.43284610 1.02331936
-1.09673452 -0.43252391 1.02418971
-1.06886005 -0.43239674 1.02409816
-1.04208899 -0.43251726 1.02297533
-1.01367462 -0.43211091 1.02188981
-0.98638850 -0.43215331 1.01966560
-0.95905232 -0.43192482 1.01706982
-0.93131387 -0.43157667 1.01393497
-0.90456295 -0.43157881 1.00903881
-0.87651759 -0.43148610 1.00487912
-0.84932286 -0.43144959 0.99903423
-0.82218349 -0.43134701 0.99302787
-0.79488176 -0.43103051 0.98636258
-0.76794893 -0.43100247 0.97814530
-0.74036437 -0.43069631 0.97068626
-0.71428728 -0.43298689 0.95960081
-0.68744206 -0.43289298 0.95009017
-0.66037321 -0.43272707 0.94013441
-0.63356388 -0.43284544 0.92847538
-0.60556507 -0.43061429 0.91906226
-0.57933211 -0.43252680 0.90497565
-0.55258232 -0.43245915 0.89197421
-0.52590966 -0.43251410 0.87846780
-0.49897331 -0.43243158 0.86400861
-0.47177616 -0.43060154 0.85074294
-0.44539568 -0.43236011 0.83350992
-0.41881374 -0.43229926 0.81719196
-0.39242262 -0.43237245 0.80026323
-0.36569905 -0.43229729 0.78283560
-0.33917108 -0.43073374 0.76554507
-0.31267273 -0.43230939 0.74560440
-0.28632557 -0.43220890 0.72599506
-0.26035374 -0.43231410 0.70570374
-0.23391092 -0.43232337 0.68505311
-0.20792727 -0.43237230 0.66259444
-0.18136223 -0.43224144 0.64137965
-0.15535989 -0.43237573 0.61825550